39 309 10 37
3 8 1 2 3 4 6 8 9 10
10 6 4 5 6 7 8 10
22 1 6
21 7 2 3 4 5 7 8 10
13 7 1 2 3 5 6 9 10
38 5 1 2 6 9 10
19 4 2 4 5 10
33 10 1 2 3 4 5 6 7 8 9 10
31 5 1 2 3 4 5
3 10 1 2 3 4 5 6 7 8 9 10
3 8 1 2 4 5 6 7 8 9
23 1 6
2 5 1 3 6 7 10
10 8 1 3 4 5 6 7 9 10
30 4 1 4 6 10
26 9 1 2 3 4 5 6 7 8 10
2 4 3 5 6 8
21 4 1 3 8 10
3 1 3
29 1 1
7 6 1 2 4 8 9 10
30 2 2 8
3 9 1 2 3 4 5 6 7 9 10
19 1 4
11 1 7
18 2 1 3
38 4 3 5 7 8
16 5 1 2 3 4 6
2 6 1 2 4 8 9 10
14 9 1 2 4 5 6 7 8 9 10
32 10 1 2 3 4 5 6 7 8 9 10
33 5 2 3 5 7 10
24 2 2 8
12 5 3 5 6 8 10
4 2 3 5
28 4 2 3 8 10
15 9 1 2 3 4 5 6 8 9 10
38 39 433 9 1 2 3 4 5 6 8 9 10
35 38 155 5 2 5 6 7 10
33 36 92 9 1 2 3 4 5 6 7 8 9
27 33 73 1 5
34 37 182 3 1 5 7
6 39 227 2 8 9
32 33 207 3 5 7 8
1 27 78 9 1 2 3 4 5 6 7 9 10
22 38 3 8 1 3 4 5 6 7 8 9
5 29 95 10 1 2 3 4 5 6 7 8 9 10
9 16 13 10 1 2 3 4 5 6 7 8 9 10
17 35 473 5 4 5 6 8 10
9 20 494 2 1 6
28 35 213 0 
8 23 161 8 2 3 4 5 6 7 9 10
5 16 214 1 7
4 38 281 9 1 2 3 4 5 6 7 8 9
4 26 154 3 1 3 6
22 34 379 6 1 2 5 7 8 10
20 31 389 5 1 3 7 8 9
20 21 208 7 1 2 4 5 7 8 9
35 36 242 6 1 3 4 6 9 10
27 36 437 1 10
13 31 297 8 1 2 3 4 6 7 8 9
35 37 258 4 2 5 7 10
18 28 199 5 4 5 8 9 10
7 35 4 0 
9 28 434 3 2 6 7
15 35 437 6 2 3 4 5 7 8
15 38 113 7 2 3 4 5 6 7 8
22 23 151 6 1 3 6 7 9 10
25 31 299 7 2 3 4 6 7 8 10
29 32 474 10 1 2 3 4 5 6 7 8 9 10
12 15 73 7 1 2 3 4 7 9 10
15 39 494 3 3 8 10
11 27 374 5 1 3 6 7 9
33 35 21 0 
9 29 37 4 1 3 7 8
30 38 8 10 1 2 3 4 5 6 7 8 9 10
6 7 268 6 2 5 7 8 9 10
28 34 289 10 1 2 3 4 5 6 7 8 9 10
17 32 106 3 1 2 8
15 24 385 10 1 2 3 4 5 6 7 8 9 10
1 5 460 8 2 3 4 5 6 7 9 10
4 14 430 4 1 6 8 9
15 27 260 3 2 6 7
31 38 127 3 1 7 10
13 36 396 6 2 3 4 6 7 9
37 39 131 2 5 9
20 25 189 9 1 2 3 4 5 6 7 8 9
25 34 498 0 
17 26 26 1 3
9 34 91 4 3 5 7 10
1 16 462 0 
19 26 204 9 2 3 4 5 6 7 8 9 10
17 38 106 6 1 2 4 6 8 9
19 23 272 3 7 9 10
29 37 433 6 1 2 5 6 9 10
9 35 183 0 
27 32 34 10 1 2 3 4 5 6 7 8 9 10
22 24 445 5 3 5 6 8 9
28 36 382 5 1 3 5 7 10
11 30 486 9 1 3 4 5 6 7 8 9 10
13 28 379 2 4 9
8 25 345 7 1 3 4 6 7 9 10
15 30 263 0 
7 18 21 7 2 4 5 7 8 9 10
18 19 98 9 1 2 3 4 5 7 8 9 10
25 26 63 7 2 3 5 6 7 9 10
2 32 376 6 1 2 3 5 6 9
27 35 265 4 2 5 7 9
2 37 374 1 8
36 39 103 0 
29 34 218 6 1 2 5 6 9 10
14 21 259 8 1 2 3 4 5 6 7 8
29 36 81 3 1 2 4
11 23 416 6 3 4 5 6 7 10
14 15 14 8 1 2 3 5 6 7 8 9
35 39 367 3 5 7 9
9 18 228 9 1 2 3 4 5 6 7 9 10
1 14 206 5 1 2 3 4 10
26 28 62 0 
25 32 260 1 10
4 21 272 3 2 4 10
34 38 57 5 1 2 5 6 9
3 34 406 8 2 3 5 6 7 8 9 10
32 39 146 9 1 2 3 4 5 6 7 8 10
14 31 75 4 2 4 6 9
3 4 168 9 1 2 4 5 6 7 8 9 10
33 37 271 8 1 2 3 4 5 7 8 9
36 37 205 4 2 7 9 10
5 38 74 5 1 2 4 7 9
30 37 243 1 9
29 38 481 1 8
3 15 6 3 3 4 5
1 29 340 10 1 2 3 4 5 6 7 8 9 10
1 26 158 0 
34 36 409 6 2 3 4 7 8 10
18 38 245 3 2 5 9
8 26 63 7 1 2 5 6 8 9 10
25 38 1 6 1 3 6 8 9 10
9 33 114 9 1 3 4 5 6 7 8 9 10
30 36 266 1 10
12 33 433 7 1 2 3 4 6 9 10
5 13 487 1 9
37 38 270 8 1 2 3 4 5 6 8 9
10 11 90 10 1 2 3 4 5 6 7 8 9 10
8 21 39 6 1 2 4 5 8 9
27 31 253 3 1 3 7
7 8 163 8 1 2 3 5 6 8 9 10
13 34 48 1 5
13 26 343 9 1 2 3 4 5 6 8 9 10
12 25 396 9 1 2 3 4 6 7 8 9 10
13 37 408 10 1 2 3 4 5 6 7 8 9 10
12 14 153 9 1 2 3 4 6 7 8 9 10
2 38 228 7 1 2 3 4 6 7 10
4 10 194 6 1 4 5 7 9 10
19 25 143 6 1 3 6 7 9 10
7 37 286 2 1 8
20 26 470 9 1 2 3 4 5 7 8 9 10
12 31 409 10 1 2 3 4 5 6 7 8 9 10
2 39 250 5 1 2 4 7 9
31 34 357 1 6
6 21 96 8 2 3 4 5 6 7 8 9
16 18 433 8 1 2 3 4 6 7 9 10
30 39 334 7 1 3 4 5 8 9 10
14 30 38 4 4 5 7 9
8 33 187 1 2
18 25 291 5 1 5 6 7 9
22 37 387 3 1 7 8
10 39 487 9 2 3 4 5 6 7 8 9 10
16 28 264 0 
20 37 248 7 3 4 5 6 7 8 10
24 29 480 3 4 5 6
3 33 178 8 1 2 4 5 7 8 9 10
33 39 439 10 1 2 3 4 5 6 7 8 9 10
13 35 175 8 2 3 4 5 6 7 8 9
11 31 61 10 1 2 3 4 5 6 7 8 9 10
25 39 25 9 1 3 4 5 6 7 8 9 10
32 34 306 7 1 3 4 5 7 8 10
11 32 139 10 1 2 3 4 5 6 7 8 9 10
7 21 226 7 1 2 3 6 8 9 10
5 23 179 6 1 2 3 5 6 9
31 36 138 3 2 6 9
15 20 447 5 1 3 4 6 10
20 29 52 3 1 5 7
18 30 197 3 4 7 8
10 33 426 4 2 5 6 9
11 34 382 6 2 6 7 8 9 10
9 11 385 6 2 4 6 8 9 10
7 20 406 6 2 5 6 7 9 10
30 35 166 9 1 2 3 4 5 7 8 9 10
6 28 473 6 2 3 4 5 7 10
29 33 445 6 1 2 3 7 9 10
2 18 259 8 1 2 4 5 6 7 8 10
8 29 292 1 7
16 17 91 5 1 2 4 5 7
21 37 60 8 1 2 3 5 6 7 8 10
13 25 409 0 
23 27 364 5 2 3 7 9 10
21 36 171 10 1 2 3 4 5 6 7 8 9 10
11 24 448 3 1 2 9
13 33 203 5 3 6 8 9 10
17 23 225 3 1 2 8
16 21 177 0 
3 21 32 6 3 4 5 6 7 9
5 10 308 3 2 3 5
1 25 493 8 1 2 3 5 7 8 9 10
32 35 106 3 1 8 10
12 32 67 10 1 2 3 4 5 6 7 8 9 10
21 39 34 7 1 2 6 7 8 9 10
4 9 17 2 8 9
17 19 484 2 1 8
10 30 462 2 6 9
25 29 403 1 8
9 38 481 3 2 3 4
17 29 242 3 4 8 10
2 5 11 8 2 3 5 6 7 8 9 10
32 38 360 5 2 3 4 6 10
7 30 491 10 1 2 3 4 5 6 7 8 9 10
4 27 357 4 4 5 8 10
17 27 259 10 1 2 3 4 5 6 7 8 9 10
18 37 127 3 1 3 7
8 20 63 6 3 4 5 6 7 10
17 24 198 5 2 3 6 8 10
17 30 43 4 2 3 5 8
14 32 422 2 1 8
5 35 282 0 
1 23 125 1 6
7 9 336 8 1 4 5 6 7 8 9 10
23 37 255 9 1 2 3 4 5 6 7 9 10
29 35 90 10 1 2 3 4 5 6 7 8 9 10
13 29 139 1 8
6 17 103 6 1 2 3 4 7 10
25 30 348 3 1 7 9
11 38 255 1 5
34 39 49 0 
23 35 276 0 
26 37 343 4 2 4 6 10
18 39 130 2 4 9
4 16 41 8 2 3 4 5 6 7 9 10
31 33 346 10 1 2 3 4 5 6 7 8 9 10
7 26 330 5 2 3 4 9 10
21 38 148 0 
9 32 31 8 1 2 3 4 5 6 8 9
20 39 377 2 1 3
8 31 403 10 1 2 3 4 5 6 7 8 9 10
27 30 59 6 2 3 5 6 7 9
6 18 261 0 
1 10 462 3 2 4 10
22 28 451 10 1 2 3 4 5 6 7 8 9 10
24 37 152 10 1 2 3 4 5 6 7 8 9 10
8 28 396 2 2 3
9 19 174 10 1 2 3 4 5 6 7 8 9 10
12 23 110 0 
13 23 229 3 2 6 7
9 30 11 8 1 2 4 5 6 7 9 10
22 33 106 2 5 6
8 15 113 9 1 3 4 5 6 7 8 9 10
15 23 152 10 1 2 3 4 5 6 7 8 9 10
14 38 447 9 1 2 3 4 6 7 8 9 10
18 32 465 0 
32 36 88 9 1 2 3 4 5 6 7 8 9
23 30 251 5 1 2 6 7 8
4 5 478 9 1 2 3 4 5 6 7 8 10
14 33 35 3 3 5 6
19 35 283 7 2 3 4 5 7 8 10
24 30 277 3 4 6 9
33 38 126 6 1 3 4 7 8 9
3 10 360 1 1
7 13 403 1 5
2 25 214 4 4 5 6 9
23 39 338 10 1 2 3 4 5 6 7 8 9 10
28 30 61 1 3
20 22 209 6 1 2 4 5 8 9
4 30 493 3 1 7 10
30 32 58 8 1 2 4 5 6 7 8 9
28 29 263 4 3 4 6 7
10 27 467 7 1 2 3 4 5 6 7
32 37 133 9 1 2 4 5 6 7 8 9 10
25 33 159 7 1 4 5 6 7 8 9
24 36 458 9 1 2 3 5 6 7 8 9 10
24 28 112 8 1 2 3 4 6 7 8 9
10 24 309 7 1 2 3 4 5 7 8
26 32 317 2 4 7
28 39 78 4 2 4 7 8
20 24 404 8 1 2 3 5 6 7 8 10
17 18 70 6 5 6 7 8 9 10
10 23 485 4 3 4 6 7
7 29 163 0 
29 31 136 2 2 7
17 21 178 2 4 5
7 32 40 8 2 3 4 5 6 8 9 10
15 32 437 6 1 2 4 6 8 9
34 35 4 9 1 2 3 4 5 7 8 9 10
11 36 214 1 7
12 30 469 2 3 8
28 32 371 7 1 2 4 5 8 9 10
9 24 225 5 2 3 7 8 9
23 24 142 5 3 6 7 9 10
3 39 148 7 1 2 3 4 5 8 10
18 31 122 6 2 3 5 6 7 9
1 37 350 7 1 2 3 5 6 8 9
22 31 148 6 1 3 5 6 7 10
17 33 201 4 2 5 6 10
21 29 201 2 2 10
36 38 482 3 4 7 9
9 10 320 4 1 6 9 10
31 37 452 3 1 3 6
20 36 176 8 1 2 3 4 5 6 9 10
15 19 485 5 2 3 4 5 6
1 24 235 2 5 7
18 22 189 4 3 4 5 6
7 38 97 8 1 2 4 6 7 8 9 10
26 36 341 10 1 2 3 4 5 6 7 8 9 10
11 15 78 0 
20 35 460 1 7
14 18 332 10 1 2 3 4 5 6 7 8 9 10
2 12 105 0 
21 30 178 6 3 4 6 8 9 10
9 26 319 10 1 2 3 4 5 6 7 8 9 10
27 37 15 10 1 2 3 4 5 6 7 8 9 10
12 34 484 7 2 5 6 7 8 9 10
5 28 64 1 1
30 34 314 6 1 3 4 5 8 9
1 2 3 4 2 5 7 10
24 26 182 2 3 9
9 36 400 2 3 6
26 27 419 7 1 4 5 6 7 8 10
5 11 62 0 
2 33 273 7 2 4 5 6 7 9 10
19 31 8 8 1 2 3 4 6 8 9 10
1 30 5 8 1 2 3 5 6 7 8 9
26 33 116 5 2 3 5 6 9
21 34 197 5 3 5 7 8 10
18 35 13 7 1 3 4 5 6 7 8
12 36 44 1 4
19 20 83 7 3 4 5 7 8 9 10
8 34 192 8 1 2 4 6 7 8 9 10
20 38 396 0 
25 27 241 8 2 3 4 5 6 8 9 10
21 23 245 10 1 2 3 4 5 6 7 8 9 10
21 25 18 2 8 10
18 21 366 10 1 2 3 4 5 6 7 8 9 10
19 29 290 8 2 4 5 6 7 8 9 10
19 36 77 1 10
11 21 152 6 2 4 5 6 8 10
3 24 474 6 1 2 5 7 8 10
27 39 259 5 1 4 6 8 10