42 386 4 12
18 1 3
21 2 1 3
8 4 1 2 3 4
19 4 1 2 3 4
41 3 1 2 4
30 4 1 2 3 4
22 1 1
25 4 1 2 3 4
34 1 1
23 4 1 2 3 4
4 4 1 2 3 4
23 1 1
2 29 41 2 2 3
26 29 230 0 
40 41 130 3 1 3 4
33 41 377 1 3
27 41 38 3 2 3 4
19 23 116 4 1 2 3 4
38 41 174 1 4
8 23 330 2 2 4
2 13 162 1 1
36 42 53 0 
27 38 108 1 3
29 41 384 0 
32 41 423 1 2
18 31 92 2 1 3
32 40 49 3 2 3 4
38 42 337 4 1 2 3 4
2 42 169 4 1 2 3 4
17 20 468 3 1 2 3
14 28 311 2 1 4
32 38 452 0 
3 4 225 3 2 3 4
26 38 486 3 1 2 3
41 42 449 0 
35 36 282 4 1 2 3 4
14 33 39 2 1 2
15 36 192 0 
8 25 273 0 
8 14 434 4 1 2 3 4
29 35 323 1 1
23 24 390 0 
12 32 362 3 1 2 3
24 41 86 2 1 3
34 39 170 4 1 2 3 4
6 35 193 0 
21 42 146 0 
1 4 497 2 1 4
23 34 194 0 
34 35 283 0 
34 42 287 3 1 2 4
5 30 309 2 2 4
31 41 482 4 1 2 3 4
30 34 451 3 1 2 3
12 22 254 4 1 2 3 4
27 29 314 4 1 2 3 4
10 28 459 1 2
28 33 325 4 1 2 3 4
26 33 488 2 2 4
4 20 169 2 2 4
22 30 303 4 1 2 3 4
39 41 473 1 4
40 42 226 1 2
4 35 401 2 1 3
3 41 236 3 2 3 4
35 41 51 0 
17 18 77 4 1 2 3 4
3 26 485 3 1 3 4
13 34 61 1 2
21 22 228 3 2 3 4
11 17 66 2 1 4
3 17 429 3 1 2 4
1 39 238 1 4
20 41 117 0 
16 32 154 0 
24 39 330 0 
2 10 478 0 
10 40 325 2 1 2
29 33 494 4 1 2 3 4
5 39 357 2 2 4
16 41 127 2 2 4
25 27 362 1 4
8 39 86 1 3
15 41 433 1 1
18 41 155 2 2 4
12 40 484 1 4
2 21 224 2 2 4
4 32 326 1 3
36 38 351 3 1 3 4
25 31 35 1 3
15 19 414 1 3
24 42 378 4 1 2 3 4
7 11 41 3 1 2 4
37 40 433 2 1 2
33 35 186 0 
17 21 315 1 3
8 30 193 0 
27 40 498 4 1 2 3 4
31 38 130 0 
10 34 184 3 2 3 4
23 32 171 3 1 2 3
9 31 471 2 2 3
25 28 207 3 1 2 4
37 42 43 4 1 2 3 4
3 32 251 0 
14 19 149 1 2
21 27 47 3 1 2 3
5 27 445 0 
8 10 133 2 2 3
39 40 104 3 1 3 4
29 32 348 3 1 2 4
19 32 182 3 1 3 4
25 33 455 3 2 3 4
11 21 121 3 1 2 3
37 39 186 3 1 2 4
5 23 360 2 1 3
31 33 412 0 
26 35 16 4 1 2 3 4
30 39 449 2 2 4
35 37 206 1 2
2 39 237 1 4
11 16 339 2 2 3
27 34 126 1 1
11 32 135 3 2 3 4
28 39 234 4 1 2 3 4
30 35 125 2 3 4
9 36 319 3 2 3 4
13 27 177 3 1 2 4
36 37 283 3 1 3 4
36 40 370 3 1 2 3
28 30 446 1 2
17 41 90 2 1 2
15 40 9 1 1
14 32 370 3 1 2 4
4 42 213 3 1 2 4
6 11 275 0 
35 42 111 3 1 3 4
11 22 190 3 1 2 4
2 6 29 4 1 2 3 4
6 36 368 3 1 3 4
1 10 151 3 1 3 4
28 37 250 2 1 4
12 19 17 1 2
39 42 187 1 4
27 36 125 1 1
21 40 269 3 1 2 3
22 33 115 4 1 2 3 4
15 42 153 4 1 2 3 4
7 22 440 3 1 2 3
28 42 480 3 2 3 4
30 33 487 1 2
10 37 393 2 2 3
19 38 279 4 1 2 3 4
8 36 76 2 1 4
13 17 329 1 2
34 37 230 0 
30 42 176 2 1 2
23 36 447 3 1 2 3
29 40 22 0 
25 30 465 2 3 4
3 25 351 3 1 3 4
19 26 279 3 1 2 4
22 32 136 0 
8 15 69 1 1
35 40 377 1 3
4 33 320 3 1 3 4
34 36 217 0 
24 34 75 4 1 2 3 4
10 20 173 3 1 2 4
34 41 423 4 1 2 3 4
1 14 496 4 1 2 3 4
7 23 475 2 1 3
22 38 95 0 
29 42 413 2 2 3
23 33 260 4 1 2 3 4
16 34 307 1 4
17 25 57 4 1 2 3 4
12 16 483 3 1 2 3
16 24 325 1 3
37 41 492 1 1
30 38 198 2 2 4
11 34 186 3 1 2 4
35 38 193 4 1 2 3 4
32 37 473 2 2 3
12 30 271 2 2 3
29 34 96 4 1 2 3 4
16 25 427 2 1 2
4 36 361 3 1 3 4
4 27 435 1 2
20 25 382 2 1 3
5 40 64 1 1
2 8 76 1 4
6 27 429 2 1 2
14 29 100 2 1 4
38 40 245 4 1 2 3 4
8 24 209 4 1 2 3 4
26 31 313 3 2 3 4
18 25 491 2 1 2
17 37 341 2 1 3
4 11 194 2 2 3
12 38 292 2 2 3
2 14 278 3 1 3 4
10 23 291 2 1 2
4 12 450 4 1 2 3 4
11 27 223 1 4
17 31 184 1 3
4 24 405 4 1 2 3 4
14 38 85 0 
20 22 297 1 2
8 12 251 2 2 3
14 23 254 4 1 2 3 4
38 39 244 4 1 2 3 4
26 39 152 1 3
32 42 417 4 1 2 3 4
29 30 92 0 
18 39 52 2 2 3
19 42 181 2 1 4
5 12 141 1 3
28 32 334 0 
4 9 368 2 2 4
16 20 206 4 1 2 3 4
14 31 147 1 3
33 42 456 3 2 3 4
11 19 4 1 3
12 39 253 1 2
20 40 125 3 2 3 4
12 21 75 3 1 2 3
25 36 233 2 1 3
18 32 62 0 
22 39 382 2 3 4
24 33 490 0 
19 22 79 3 1 3 4
25 39 30 3 1 3 4
3 42 391 4 1 2 3 4
27 31 416 0 
11 29 445 1 1
19 21 386 2 3 4
31 40 389 0 
15 22 488 1 3
17 40 166 3 1 2 3
29 36 373 1 2
21 37 369 1 1
28 31 32 3 1 2 3
5 25 375 0 
6 8 72 3 2 3 4
33 40 203 3 1 2 4
33 39 475 3 1 2 3
3 11 89 1 4
17 30 44 2 2 4
22 40 215 0 
13 14 304 0 
31 32 254 3 2 3 4
14 22 421 4 1 2 3 4
8 20 48 4 1 2 3 4
13 21 89 0 
17 26 90 0 
20 26 488 1 3
18 28 291 2 3 4
5 32 172 2 2 4
33 34 345 2 3 4
2 7 102 2 1 3
19 36 66 1 1
15 25 394 3 2 3 4
27 37 291 4 1 2 3 4
4 19 225 1 3
13 28 347 2 3 4
11 41 339 3 1 3 4
24 29 409 2 1 4
3 37 235 1 4
11 20 280 4 1 2 3 4
16 36 61 1 4
4 23 75 4 1 2 3 4
31 34 291 4 1 2 3 4
3 21 240 3 1 3 4
15 26 469 3 1 2 3
1 21 339 3 2 3 4
2 26 444 4 1 2 3 4
16 31 142 2 3 4
5 10 317 0 
18 24 383 0 
2 41 89 1 1
13 37 43 3 1 2 4
7 26 49 1 2
15 21 406 1 2
20 28 496 4 1 2 3 4
20 23 292 3 1 2 4
22 34 112 0 
24 37 159 4 1 2 3 4
14 26 189 3 1 2 4
3 24 346 0 
13 24 74 4 1 2 3 4
4 17 75 4 1 2 3 4
12 31 66 3 1 3 4
7 35 12 4 1 2 3 4
6 18 54 3 1 2 3
5 14 23 0 
4 16 117 1 3
4 13 180 0 
2 25 421 0 
18 35 418 2 1 3
24 36 390 2 1 3
21 30 132 4 1 2 3 4
21 24 296 3 1 3 4
22 42 144 0 
19 24 291 2 2 3
15 23 218 0 
5 21 246 1 1
31 37 498 3 1 2 4
12 24 288 1 4
11 42 201 0 
8 29 99 0 
3 13 162 1 2
34 38 418 1 2
18 42 66 1 1
21 36 274 2 3 4
28 36 499 4 1 2 3 4
14 34 99 4 1 2 3 4
9 25 155 1 2
18 29 454 3 1 2 4
36 41 470 0 
16 22 105 4 1 2 3 4
34 40 359 4 1 2 3 4
18 21 90 3 1 2 4
17 34 487 1 3
12 33 251 1 4
1 7 363 4 1 2 3 4
13 29 147 4 1 2 3 4
28 41 46 3 2 3 4
17 19 238 0 
30 40 283 0 
24 28 447 3 1 2 3
22 37 200 0 
21 25 398 2 3 4
17 27 402 3 1 2 4
9 30 139 1 2
10 15 482 0 
9 13 494 4 1 2 3 4
9 16 416 2 1 3
27 39 458 4 1 2 3 4
11 30 449 2 1 4
16 28 386 3 1 2 4
23 31 266 2 2 4
8 9 335 1 1
17 35 499 1 4
7 34 255 4 1 2 3 4
10 29 485 4 1 2 3 4
21 29 299 2 3 4
7 29 10 3 2 3 4
23 27 386 2 2 4
26 30 114 3 1 2 3
1 38 13 1 3
5 8 8 2 2 4
26 41 14 2 3 4
27 35 177 3 1 2 3
24 25 33 1 1
11 35 452 3 1 2 3
15 33 172 4 1 2 3 4
33 37 267 2 2 3
33 36 23 3 2 3 4
8 42 130 2 3 4
23 35 155 1 1
30 31 99 4 1 2 3 4
6 13 8 3 2 3 4
13 26 44 1 3
23 29 172 2 1 2
16 27 276 0 
16 26 444 2 1 4
16 42 64 4 1 2 3 4
16 21 338 1 4
3 14 124 1 3
4 8 292 0 
15 24 454 4 1 2 3 4
2 19 384 2 1 3
20 36 68 0 
6 17 172 2 1 2
22 28 54 1 3
2 20 499 1 2
20 27 111 3 1 2 3
3 35 331 3 1 2 4
7 14 429 4 1 2 3 4
8 40 186 0 
23 40 379 4 1 2 3 4
9 22 467 1 3
9 14 98 1 4
14 36 31 3 2 3 4
5 41 341 2 3 4
29 38 308 4 1 2 3 4
9 18 382 1 4
16 38 455 0 
18 26 78 2 1 4
10 26 38 3 2 3 4
29 39 254 3 2 3 4
19 35 271 2 2 4
25 38 313 2 1 2
10 14 333 4 1 2 3 4
4 39 302 3 1 2 4
1 17 89 4 1 2 3 4
26 40 403 0 