46 236 6 29
45 1 2
38 5 1 2 3 5 6
35 6 1 2 3 4 5 6
27 5 1 2 3 4 6
45 2 2 3
16 5 2 3 4 5 6
40 4 1 2 4 6
13 3 1 2 3
34 1 5
27 2 2 4
24 5 1 3 4 5 6
16 6 1 2 3 4 5 6
45 4 1 2 5 6
44 6 1 2 3 4 5 6
34 4 1 2 3 6
10 4 1 2 4 5
42 2 2 4
11 1 3
8 5 1 2 3 4 6
34 2 2 4
37 4 1 3 5 6
3 6 1 2 3 4 5 6
33 5 1 3 4 5 6
4 6 1 2 3 4 5 6
4 3 2 3 6
45 5 1 2 4 5 6
40 1 5
10 4 1 2 3 5
23 2 3 6
37 43 82 2 3 4
18 20 340 0 
30 35 200 4 1 2 3 6
8 44 245 4 2 3 5 6
24 38 228 5 1 3 4 5 6
17 31 481 5 1 2 3 4 6
7 23 87 2 3 5
33 35 422 2 3 4
19 42 482 4 1 2 3 6
42 46 151 3 3 4 6
12 13 376 5 1 2 3 4 5
23 28 97 4 2 3 4 6
18 25 170 3 1 2 6
16 30 335 2 2 5
45 46 284 1 3
37 44 181 6 1 2 3 4 5 6
37 39 367 5 1 2 3 4 5
8 31 6 0 
5 15 133 3 4 5 6
1 20 271 4 1 3 4 5
27 31 298 5 1 3 4 5 6
9 24 487 2 2 3
42 44 277 5 1 2 3 4 6
38 44 358 2 1 2
37 42 321 0 
13 24 68 6 1 2 3 4 5 6
2 6 445 2 1 3
2 24 314 0 
41 45 452 4 1 2 5 6
39 46 100 1 1
14 38 62 3 3 5 6
26 41 183 3 3 5 6
14 27 402 6 1 2 3 4 5 6
29 45 178 0 
1 22 462 5 1 2 3 4 5
25 31 423 3 1 2 5
44 46 254 0 
22 36 89 3 2 4 5
30 45 169 2 1 6
30 36 37 1 5
33 42 151 6 1 2 3 4 5 6
9 19 485 5 1 2 3 5 6
22 41 274 4 1 2 3 4
19 30 467 0 
21 28 480 3 1 3 4
15 36 344 5 1 2 3 4 5
13 30 65 4 1 3 4 6
25 41 442 0 
7 22 48 1 4
12 33 225 3 3 4 5
9 31 243 2 1 4
18 31 264 5 1 2 3 4 5
17 27 288 6 1 2 3 4 5 6
22 28 391 5 1 2 4 5 6
18 38 450 2 4 5
36 42 276 1 2
44 45 146 0 
1 4 436 6 1 2 3 4 5 6
19 20 298 1 3
27 28 122 5 1 2 3 4 5
5 34 445 5 1 2 4 5 6
21 26 124 6 1 2 3 4 5 6
7 36 473 4 2 4 5 6
11 44 301 4 1 2 5 6
21 31 196 3 1 3 5
40 43 115 5 1 2 3 5 6
25 30 410 4 3 4 5 6
32 39 166 6 1 2 3 4 5 6
2 40 464 5 1 2 3 4 5
3 29 369 0 
33 45 171 1 1
22 45 94 3 2 5 6
41 46 48 1 4
23 30 486 4 1 2 3 5
38 41 376 2 2 5
14 18 433 2 2 5
18 43 261 1 6
41 42 308 6 1 2 3 4 5 6
22 37 197 4 1 3 4 5
20 40 446 1 5
32 45 374 2 2 5
11 23 8 3 3 5 6
12 14 50 1 3
16 17 351 3 1 3 5
27 42 146 3 1 2 5
33 38 114 3 1 2 4
4 34 469 0 
20 36 307 4 1 2 3 4
10 34 315 6 1 2 3 4 5 6
34 41 460 0 
38 39 24 4 3 4 5 6
32 36 393 3 3 5 6
27 37 400 6 1 2 3 4 5 6
10 31 56 3 3 4 5
12 30 152 4 1 2 5 6
7 19 319 6 1 2 3 4 5 6
31 43 102 5 1 2 3 4 6
4 30 486 2 2 5
40 46 369 5 1 2 3 5 6
16 29 56 1 2
24 42 54 0 
2 4 218 0 
42 45 59 3 2 3 5
21 29 482 5 2 3 4 5 6
22 35 269 6 1 2 3 4 5 6
7 38 9 6 1 2 3 4 5 6
14 31 218 5 1 2 4 5 6
31 42 307 5 1 2 4 5 6
8 11 377 0 
18 22 54 6 1 2 3 4 5 6
23 41 279 1 4
29 31 414 6 1 2 3 4 5 6
25 46 322 1 4
20 33 200 6 1 2 3 4 5 6
7 35 1 4 2 3 4 6
14 20 402 4 1 4 5 6
16 45 462 3 1 3 6
37 41 399 4 2 3 5 6
12 38 372 3 1 4 6
25 33 430 5 1 2 3 4 6
2 14 340 5 2 3 4 5 6
19 21 451 4 1 2 3 4
40 45 37 4 1 2 4 5
14 44 249 0 
5 43 350 0 
36 39 411 4 1 2 3 4
43 46 132 0 
39 40 239 3 1 4 6
13 31 387 1 5
3 35 48 4 1 2 4 6
20 44 88 2 2 6
4 38 51 2 2 6
27 33 42 1 5
1 33 495 0 
22 24 423 6 1 2 3 4 5 6
15 42 283 0 
32 46 290 5 1 2 3 4 6
25 44 128 4 2 3 4 5
1 6 42 4 3 4 5 6
31 35 185 1 1
11 46 402 3 2 3 5
4 42 188 1 3
4 7 452 0 
38 45 110 5 1 2 3 5 6
33 44 484 0 
35 44 360 0 
34 45 301 3 3 4 6
35 36 324 4 1 4 5 6
15 18 371 3 1 2 6
38 43 7 5 1 2 4 5 6
24 46 471 1 6
30 40 365 2 1 3
11 18 261 0 
39 43 405 5 1 3 4 5 6
30 34 213 4 1 2 3 5
21 22 40 1 3
28 40 152 5 2 3 4 5 6
27 38 62 0 
15 16 419 2 3 6
37 45 63 2 2 5
14 32 154 2 2 5
10 30 57 6 1 2 3 4 5 6
8 30 102 5 1 2 4 5 6
31 39 328 1 3
26 45 400 3 2 3 4
30 31 88 5 1 2 4 5 6
24 27 170 5 1 3 4 5 6
23 37 255 3 3 4 5
21 34 19 6 1 2 3 4 5 6
1 12 347 6 1 2 3 4 5 6
32 33 36 2 1 4
36 38 477 6 1 2 3 4 5 6
23 29 356 1 2
17 30 55 4 1 3 4 5
26 28 485 4 1 4 5 6
11 37 423 3 1 5 6
40 44 31 2 4 6
22 39 1 0 
20 30 396 4 1 2 4 5
34 36 438 6 1 2 3 4 5 6
11 22 180 4 2 3 4 5
12 23 32 1 5
27 45 288 4 1 2 3 4
16 37 239 3 1 3 6
43 45 29 6 1 2 3 4 5 6
40 41 285 2 2 4
32 38 499 2 1 2
15 30 144 3 4 5 6
24 45 11 0 
8 9 496 1 2
16 21 300 3 2 3 5
27 32 11 3 2 3 6
9 18 492 5 1 2 3 4 6
27 39 432 2 1 4
2 43 293 0 
11 27 237 0 
13 36 150 3 2 4 6
15 23 426 1 1
19 26 462 3 1 2 5
23 31 109 0 
19 32 79 1 1
9 28 81 0 
29 38 314 3 1 2 3
11 29 245 3 1 4 5
3 5 237 4 2 3 4 6
28 39 289 6 1 2 3 4 5 6
30 33 402 0 
31 34 416 1 2
2 29 32 5 1 2 3 4 5
34 43 52 2 2 6
16 26 224 0 
34 46 322 0 
4 24 95 2 2 4
9 17 393 6 1 2 3 4 5 6
21 42 310 1 6
13 25 259 3 1 4 6
14 37 442 4 1 2 4 6
14 19 174 1 3
12 41 448 2 2 4
16 24 451 6 1 2 3 4 5 6
37 38 435 1 6
3 15 38 4 1 3 5 6
13 15 357 5 1 2 3 5 6
5 25 354 1 2
21 41 75 3 1 4 6
10 24 57 5 1 2 3 4 6
4 32 371 6 1 2 3 4 5 6
25 29 244 1 4
5 33 198 5 1 3 4 5 6
37 46 413 2 1 6
41 43 199 5 1 3 4 5 6
39 45 56 0 
24 29 250 3 1 3 5
26 32 36 5 1 2 3 4 6
34 40 281 0 
35 40 416 4 1 2 3 4