49 140 13 41
25 9 1 2 3 5 6 7 10 11 12
13 11 1 2 3 4 5 6 7 8 9 12 13
17 10 1 3 4 5 6 7 9 10 11 13
29 6 4 6 10 11 12 13
7 3 2 4 6
25 10 1 2 4 5 6 8 10 11 12 13
39 7 1 2 6 7 8 9 11
2 5 4 5 7 8 11
7 6 1 4 5 6 7 8
29 7 1 2 5 6 7 8 10
44 4 3 4 10 11
25 4 3 4 12 13
47 13 1 2 3 4 5 6 7 8 9 10 11 12 13
14 12 1 2 3 4 5 6 7 8 10 11 12 13
42 11 1 2 3 4 5 6 7 9 11 12 13
40 4 1 5 10 12
8 1 13
32 4 2 5 11 13
16 1 6
26 10 1 4 6 7 8 9 10 11 12 13
10 3 1 2 3
23 5 6 8 10 11 12
46 12 1 2 3 4 6 7 8 9 10 11 12 13
39 11 1 2 3 4 5 6 7 9 10 11 12
6 10 1 2 3 4 5 8 9 11 12 13
41 12 1 2 3 4 6 7 8 9 10 11 12 13
49 5 8 9 10 11 12
10 9 1 2 3 4 5 8 10 12 13
36 6 1 5 9 11 12 13
29 1 12
25 4 3 4 11 12
48 5 3 6 9 11 12
21 2 4 12
33 13 1 2 3 4 5 6 7 8 9 10 11 12 13
21 4 5 7 8 13
25 13 1 2 3 4 5 6 7 8 9 10 11 12 13
17 6 1 2 3 6 8 13
18 7 1 2 5 6 8 12 13
32 13 1 2 3 4 5 6 7 8 9 10 11 12 13
27 9 1 5 6 7 8 10 11 12 13
30 3 3 7 11
17 34 108 1 6
35 44 490 5 2 6 7 11 12
39 48 9 5 2 3 4 9 11
14 45 497 11 1 2 3 5 6 7 8 9 11 12 13
40 43 47 10 1 3 4 5 6 7 8 9 11 12
24 44 37 12 2 3 4 5 6 7 8 9 10 11 12 13
29 38 64 13 1 2 3 4 5 6 7 8 9 10 11 12 13
41 48 164 5 1 4 9 12 13
29 34 286 13 1 2 3 4 5 6 7 8 9 10 11 12 13
42 43 12 7 1 3 5 6 7 11 12
17 24 258 9 1 3 4 5 9 10 11 12 13
18 24 70 0 
47 48 448 12 1 2 3 4 5 6 7 9 10 11 12 13
26 45 482 3 3 6 7
33 47 140 11 1 3 4 5 6 7 8 9 10 11 13
24 28 475 1 11
15 39 41 1 5
38 46 166 5 3 5 9 12 13
32 33 408 10 1 2 4 5 7 8 9 10 12 13
12 27 24 10 1 2 3 6 8 9 10 11 12 13
44 45 189 5 1 8 9 10 13
16 48 403 12 1 3 4 5 6 7 8 9 10 11 12 13
43 48 380 7 3 5 6 7 10 11 12
28 45 12 0 
6 35 133 9 1 2 3 5 6 8 10 11 12
24 26 178 8 1 2 3 4 6 9 10 12
19 22 452 12 1 2 3 4 5 7 8 9 10 11 12 13
10 39 351 5 1 4 8 10 12
45 48 496 1 11
28 43 329 7 2 3 4 6 7 9 11
41 43 474 9 1 4 5 6 8 9 10 11 12
5 29 301 13 1 2 3 4 5 6 7 8 9 10 11 12 13
33 40 286 4 1 3 5 8
30 39 307 8 2 3 5 6 9 11 12 13
12 46 112 1 3
11 38 92 4 3 6 9 13
16 20 328 2 6 11
39 47 357 6 5 6 8 10 11 13
6 40 413 1 8
46 47 272 11 1 2 3 4 5 6 7 8 9 11 12
30 49 422 5 2 7 9 11 12
31 41 110 11 1 3 5 6 7 8 9 10 11 12 13
12 21 268 10 1 2 4 5 6 7 8 11 12 13
32 48 222 5 2 5 6 7 11
18 33 140 1 12
20 22 338 0 
1 22 204 2 5 13
22 33 344 12 1 3 4 5 6 7 8 9 10 11 12 13
20 42 199 13 1 2 3 4 5 6 7 8 9 10 11 12 13
27 33 34 2 5 11
28 41 390 12 1 2 3 4 5 6 7 8 9 10 11 12
24 38 20 9 2 3 4 6 7 8 9 10 13
33 38 413 4 2 5 6 7
14 27 343 6 3 5 6 7 9 10
24 29 418 1 8
27 36 246 10 1 2 3 5 6 7 8 10 11 13
18 34 241 8 3 4 6 7 8 9 11 13
37 39 171 0 
12 24 134 5 1 6 10 11 12
34 42 310 4 4 5 8 9
46 49 365 3 4 6 9
27 49 240 5 2 7 8 10 13
48 49 283 10 1 3 5 7 8 9 10 11 12 13
24 42 44 6 2 3 5 7 8 10
42 47 475 8 1 2 3 6 8 9 10 13
22 46 142 1 10
10 16 64 4 7 8 11 13
3 36 1 13 1 2 3 4 5 6 7 8 9 10 11 12 13
35 45 401 0 
10 43 376 6 1 3 6 9 11 13
42 48 142 11 1 2 3 4 5 6 9 10 11 12 13
19 38 229 7 2 3 7 8 10 11 12
7 34 232 3 2 5 7
30 48 92 4 3 10 11 13
6 11 183 7 1 2 3 5 6 12 13
25 27 25 10 1 2 5 6 7 8 9 10 12 13
30 46 220 3 6 11 13
32 34 205 5 1 3 11 12 13
22 42 313 1 2
11 12 172 3 1 2 10
8 14 465 0 
4 7 127 13 1 2 3 4 5 6 7 8 9 10 11 12 13
10 26 340 6 2 4 5 8 10 12
34 36 465 2 4 5
37 42 67 11 1 2 3 4 6 7 8 10 11 12 13
28 40 278 12 1 2 3 4 5 6 7 8 9 11 12 13
1 37 191 7 2 3 5 6 10 11 13
31 49 314 6 2 6 9 10 11 13
6 20 212 6 3 5 7 11 12 13
23 40 366 3 3 6 12
35 39 118 3 4 6 8
10 40 337 6 3 4 6 8 11 13
47 49 442 13 1 2 3 4 5 6 7 8 9 10 11 12 13
1 5 5 6 3 4 6 7 8 10
18 48 372 9 1 2 3 4 6 7 8 12 13
19 32 235 4 1 3 8 11
4 49 216 4 3 4 6 11
40 46 243 12 1 3 4 5 6 7 8 9 10 11 12 13
30 33 152 3 1 2 3
12 49 305 3 4 12 13
1 14 299 8 3 4 5 6 8 9 10 11
5 44 49 8 2 4 6 9 10 11 12 13
18 30 37 13 1 2 3 4 5 6 7 8 9 10 11 12 13
25 41 151 2 6 12
27 32 121 0 
25 28 4 0 
4 23 317 9 2 3 4 5 6 7 11 12 13
20 30 184 11 1 2 3 4 5 6 8 10 11 12 13
43 44 189 12 1 2 3 4 5 6 7 8 10 11 12 13
27 40 137 11 1 3 4 5 6 7 8 9 10 12 13
21 44 142 2 3 5
24 33 438 0 
35 47 2 8 1 3 4 5 6 7 9 12
10 12 355 13 1 2 3 4 5 6 7 8 9 10 11 12 13
27 39 462 7 2 3 4 5 6 7 11
41 46 60 5 1 4 5 7 12
36 40 218 6 2 3 4 5 10 12
13 29 41 12 1 2 3 4 5 6 7 8 9 10 11 13
38 39 121 0 
15 27 477 3 1 9 12
29 46 247 3 1 6 12
1 21 203 0 
20 34 460 1 4
29 45 396 9 1 2 3 4 6 8 9 10 13
39 43 432 7 1 4 7 8 9 11 13
9 30 128 0 
34 48 483 1 12
3 38 285 8 1 3 4 6 7 8 11 12
7 47 86 0 
14 36 470 13 1 2 3 4 5 6 7 8 9 10 11 12 13
19 42 360 2 6 7
13 33 112 11 1 2 3 6 7 8 9 10 11 12 13
12 20 421 8 2 6 7 9 10 11 12 13
2 43 87 4 1 4 11 13
43 49 237 2 1 8
26 37 263 2 3 13
10 36 364 11 1 2 3 5 6 7 9 10 11 12 13
8 10 55 10 1 2 3 5 6 7 8 9 12 13
20 32 185 3 2 4 9
10 28 339 11 1 2 3 4 6 7 8 10 11 12 13