52 707 3 15
30 1 1
41 3 1 2 3
35 1 3
26 3 1 2 3
11 2 1 2
50 2 2 3
30 2 1 2
33 3 1 2 3
11 1 2
8 2 1 2
39 1 2
41 1 3
41 1 2
48 3 1 2 3
36 1 2
50 51 187 0 
20 49 244 2 1 2
45 50 461 0 
12 36 270 3 1 2 3
15 48 176 0 
46 52 334 2 1 2
25 48 114 2 2 3
10 39 391 1 1
50 52 224 2 1 2
25 38 105 2 1 3
19 51 34 0 
42 47 90 2 2 3
17 20 187 0 
25 36 371 3 1 2 3
27 43 216 0 
23 26 464 2 2 3
41 46 236 2 1 3
21 35 177 1 1
25 34 344 3 1 2 3
42 52 63 3 1 2 3
31 50 188 0 
35 41 307 0 
29 31 260 3 1 2 3
12 17 413 3 1 2 3
9 33 31 0 
11 25 320 1 1
23 24 50 1 1
28 41 28 0 
25 44 53 3 1 2 3
48 52 380 0 
33 38 68 2 1 2
49 50 18 1 1
25 28 283 2 1 2
40 50 353 0 
6 35 210 1 3
40 45 270 0 
13 19 87 0 
9 40 44 3 1 2 3
5 21 151 1 3
8 13 177 0 
4 14 370 0 
17 43 413 2 2 3
31 42 166 1 3
6 10 139 3 1 2 3
24 36 250 1 1
49 51 399 3 1 2 3
12 45 182 0 
19 21 9 2 1 2
5 11 341 2 1 3
1 25 402 3 1 2 3
1 7 79 0 
35 47 444 2 2 3
9 15 199 3 1 2 3
37 47 464 3 1 2 3
10 17 400 2 1 3
8 38 277 0 
8 20 93 1 2
21 45 223 2 1 2
43 47 314 0 
14 27 102 3 1 2 3
1 49 104 2 1 2
44 52 470 1 1
28 32 207 1 2
15 31 122 3 1 2 3
28 43 312 0 
47 50 453 0 
39 44 44 2 1 3
47 52 205 1 1
45 48 17 3 1 2 3
51 52 116 0 
22 48 299 0 
1 38 179 0 
43 50 264 2 1 2
25 35 177 2 2 3
39 42 407 1 2
11 20 36 2 2 3
48 50 344 3 1 2 3
2 48 479 0 
45 46 243 0 
15 34 421 0 
8 27 109 3 1 2 3
8 30 202 2 1 3
36 49 452 1 1
27 35 95 3 1 2 3
26 37 92 1 3
12 51 250 0 
39 50 126 3 1 2 3
30 41 281 1 2
27 45 216 1 3
33 51 242 0 
25 46 231 0 
10 48 335 2 1 3
8 21 40 3 1 2 3
22 46 357 2 1 3
38 43 115 3 1 2 3
18 43 485 0 
43 48 188 2 2 3
33 50 172 0 
44 51 56 1 3
42 43 267 2 1 2
17 40 106 2 1 3
17 52 369 2 2 3
20 34 399 0 
34 35 253 2 2 3
25 47 115 1 2
15 40 4 1 2
20 30 65 3 1 2 3
36 43 358 1 1
9 16 335 1 2
49 52 3 0 
33 39 347 2 1 2
46 51 276 3 1 2 3
24 42 126 3 1 2 3
20 22 164 3 1 2 3
45 52 107 0 
31 40 190 0 
25 30 160 2 1 3
44 47 125 2 1 3
24 51 251 1 2
21 24 179 1 1
3 6 285 0 
3 25 348 3 1 2 3
43 46 353 3 1 2 3
32 42 121 3 1 2 3
25 45 369 3 1 2 3
37 46 31 3 1 2 3
26 47 322 3 1 2 3
6 34 179 1 1
44 50 48 2 2 3
37 39 350 2 1 2
7 38 363 0 
37 44 132 0 
35 50 218 2 2 3
1 8 314 1 1
36 50 331 1 3
22 52 30 2 2 3
9 48 252 3 1 2 3
29 43 90 0 
23 38 307 0 
38 45 41 1 2
19 28 289 1 2
9 25 84 2 2 3
17 27 412 1 3
26 46 151 2 1 3
21 26 48 2 1 2
7 27 306 1 2
33 40 456 1 1
11 26 488 1 2
26 45 352 0 
9 51 276 3 1 2 3
33 35 79 3 1 2 3
23 45 299 0 
26 31 143 2 2 3
21 40 126 3 1 2 3
8 29 118 3 1 2 3
34 49 234 0 
39 43 98 1 2
19 41 184 3 1 2 3
18 27 343 2 1 3
7 28 478 1 3
15 26 116 2 1 3
4 45 262 0 
21 48 374 1 3
40 47 37 0 
6 14 104 0 
10 32 39 2 1 2
21 28 381 2 1 3
22 45 500 1 3
32 34 237 1 2
43 45 165 0 
22 32 472 0 
48 51 346 2 1 2
40 44 60 2 1 2
18 48 151 1 1
7 10 442 3 1 2 3
38 44 8 2 1 2
7 32 40 1 1
15 43 120 1 2
37 49 196 0 
8 31 131 0 
11 22 418 2 2 3
19 26 202 1 2
19 39 447 2 1 3
38 48 17 0 
1 26 147 0 
4 7 367 1 3
40 42 78 3 1 2 3
24 45 10 0 
41 43 499 0 
34 45 272 3 1 2 3
46 48 91 0 
15 32 42 2 2 3
33 47 164 2 1 2
4 21 493 0 
13 52 74 0 
32 36 22 2 1 2
30 48 34 3 1 2 3
14 42 247 0 
15 20 41 3 1 2 3
2 5 395 1 2
11 13 296 0 
15 50 207 2 1 2
8 15 379 1 3
30 32 235 1 1
14 32 3 2 1 2
30 52 234 1 2
12 25 34 1 2
20 50 473 1 2
10 15 42 1 3
47 49 457 3 1 2 3
35 52 392 1 3
4 17 263 1 2
25 40 191 0 
1 36 120 3 1 2 3
46 50 391 1 2
19 49 465 2 1 2
7 15 291 3 1 2 3
16 24 441 1 1
36 37 303 2 2 3
33 41 298 3 1 2 3
23 39 82 1 3
12 33 473 1 1
7 11 354 0 
9 31 227 0 
14 21 368 3 1 2 3
10 37 170 1 1
47 51 146 3 1 2 3
38 42 296 0 
11 33 388 1 1
40 52 99 0 
40 49 312 1 2
22 36 60 0 
11 29 257 2 1 3
12 20 439 3 1 2 3
41 44 428 1 1
27 49 266 1 2
44 49 132 3 1 2 3
22 23 20 2 1 3
4 33 450 3 1 2 3
29 49 185 2 1 2
2 21 69 3 1 2 3
20 47 482 3 1 2 3
6 28 454 0 
31 38 59 2 1 3
39 45 119 2 1 2
30 39 495 3 1 2 3
26 52 471 3 1 2 3
32 46 336 2 1 3
11 34 70 3 1 2 3
15 24 81 0 
37 48 287 3 1 2 3
41 42 130 3 1 2 3
1 16 108 3 1 2 3
22 44 121 0 
13 15 221 1 1
7 19 314 2 1 2
6 9 197 0 
2 17 42 2 2 3
29 34 318 3 1 2 3
35 48 412 2 1 2
12 43 109 1 1
14 41 52 0 
42 46 212 3 1 2 3
23 31 480 1 1
16 18 89 2 1 3
35 38 356 3 1 2 3
14 36 349 3 1 2 3
7 35 230 0 
23 35 421 3 1 2 3
9 39 40 2 1 3
12 13 198 3 1 2 3
28 38 346 3 1 2 3
4 52 443 1 3
23 52 327 0 
7 33 403 1 3
32 39 271 0 
10 31 160 3 1 2 3
19 32 292 3 1 2 3
24 25 75 3 1 2 3
36 42 5 2 1 3
40 48 128 1 2
47 48 134 2 1 3
10 49 498 3 1 2 3
26 48 24 0 
18 51 140 0 
24 41 359 3 1 2 3
20 40 334 2 1 2
22 47 266 0 
19 34 299 1 3
21 49 158 2 2 3
43 51 312 0 
6 20 271 0 
22 29 328 2 2 3
13 21 398 2 1 2
2 38 323 1 3
21 46 418 2 2 3
16 45 464 3 1 2 3
1 31 347 2 1 3
11 17 44 2 1 3
29 39 461 0 
20 46 30 3 1 2 3
5 18 197 1 2
48 49 328 2 1 3
25 41 294 3 1 2 3
36 45 442 2 1 2
33 43 357 2 1 3
27 48 428 3 1 2 3
14 45 272 3 1 2 3
17 47 139 1 3
15 49 112 3 1 2 3
37 42 21 0 
15 22 254 3 1 2 3
25 51 168 0 
20 41 211 1 2
13 36 408 3 1 2 3
15 25 156 3 1 2 3
16 41 138 0 
9 12 271 2 1 2
2 4 261 2 2 3
6 36 161 3 1 2 3
44 46 243 1 2
41 52 175 1 2
4 26 259 2 2 3
41 47 334 2 2 3
3 36 321 2 1 2
18 46 481 2 2 3
21 38 492 1 1
12 40 411 1 2
15 19 476 0 
2 18 160 2 2 3
5 47 411 0 
6 47 400 2 1 3
42 50 410 2 2 3
23 30 193 3 1 2 3
22 24 18 2 2 3
10 38 330 1 3
31 48 140 2 2 3
16 21 344 2 2 3
10 14 249 2 1 3
19 45 274 1 2
27 52 353 0 
8 25 263 2 1 3
26 39 267 3 1 2 3
18 26 395 0 
46 47 174 2 1 3
16 39 423 3 1 2 3
1 4 69 3 1 2 3
23 51 96 3 1 2 3
3 21 347 3 1 2 3
10 40 146 2 2 3
20 51 445 3 1 2 3
16 38 263 1 1
3 46 386 1 3
26 32 472 2 1 2
17 46 109 1 1
1 15 39 1 3
2 30 453 3 1 2 3
30 42 99 3 1 2 3
16 28 155 2 1 3
11 23 373 2 1 3
28 51 54 0 
21 43 231 3 1 2 3
6 51 49 3 1 2 3
6 7 118 0 
25 31 87 1 2
30 36 440 0 
21 30 227 3 1 2 3
33 52 169 3 1 2 3
22 28 323 3 1 2 3
2 15 96 2 2 3
4 29 235 0 
25 37 370 1 1
20 27 258 2 1 2
28 34 74 3 1 2 3
9 11 433 0 
36 41 203 3 1 2 3
24 39 82 1 1
10 46 167 0 
28 52 257 3 1 2 3
43 44 405 1 3
17 25 447 3 1 2 3
9 49 286 0 
32 43 132 1 3
28 50 352 3 1 2 3
7 26 458 0 
14 31 386 1 3
5 6 349 1 3
9 28 314 0 
24 27 428 1 3
28 45 427 0 
8 14 87 2 2 3
35 39 280 2 1 3
38 47 187 3 1 2 3
17 48 427 2 2 3
9 45 414 1 1
8 34 429 0 
39 49 29 2 1 2
30 46 479 2 1 3
16 51 284 1 2
43 49 402 3 1 2 3
36 51 163 3 1 2 3
2 31 56 1 1
1 39 29 1 1
14 28 313 1 2
37 51 396 3 1 2 3
45 47 205 1 1
13 16 231 0 
38 51 253 1 2
4 16 472 3 1 2 3
41 45 282 1 2
24 34 183 1 1
29 33 113 3 1 2 3
12 32 240 2 1 3
24 43 199 0 
16 47 87 1 3
14 33 185 1 3
2 44 92 1 1
20 43 379 0 
18 37 156 2 1 3
37 50 82 2 2 3
7 13 339 2 2 3
6 50 377 1 3
46 49 83 0 
18 44 27 0 
19 36 75 2 2 3
27 37 127 1 2
35 46 447 1 2
18 41 272 2 2 3
11 28 463 1 2
5 39 82 1 2
27 44 247 2 2 3
2 14 248 1 1
6 16 308 3 1 2 3
29 48 70 2 1 2
35 40 444 0 
15 17 484 3 1 2 3
26 34 490 1 2
2 37 113 3 1 2 3
4 37 217 0 
31 45 444 0 
9 18 111 3 1 2 3
12 47 179 3 1 2 3
2 36 362 2 2 3
20 23 239 3 1 2 3
3 47 280 2 1 2
17 32 266 1 2
24 33 1 1 3
36 47 67 2 1 2
2 16 213 1 2
19 48 394 2 1 3
13 51 77 3 1 2 3
17 29 94 3 1 2 3
10 16 294 2 1 2
1 12 61 1 2
11 16 126 2 1 2
15 36 328 1 3
45 49 497 0 
34 40 235 1 3
28 37 214 0 
31 49 82 1 3
33 37 225 2 1 3
27 51 47 2 2 3
4 28 139 3 1 2 3
9 37 199 1 3
8 22 62 2 2 3
2 35 331 0 
14 52 56 3 1 2 3
37 45 265 0 
12 19 447 0 
7 47 432 3 1 2 3
9 17 392 3 1 2 3
40 41 336 2 2 3
34 43 201 2 1 2
3 50 125 2 1 3
33 44 254 3 1 2 3
23 28 67 1 3
7 51 144 3 1 2 3
22 33 101 3 1 2 3
3 7 467 3 1 2 3
24 47 240 1 3
5 23 126 3 1 2 3
21 51 302 0 
7 42 369 0 
5 7 172 3 1 2 3
15 21 24 0 
16 17 354 2 1 2
38 52 401 2 1 2
22 51 194 3 1 2 3
15 27 143 3 1 2 3
23 49 184 2 1 2
24 40 51 1 2
41 51 57 0 
28 31 434 1 3
5 36 129 3 1 2 3
1 18 88 1 3
28 33 487 1 3
9 20 399 2 1 2
30 31 462 1 3
4 50 397 2 1 3
4 51 224 1 2
29 50 125 1 2
17 26 360 3 1 2 3
4 43 354 3 1 2 3
5 46 281 2 1 3
15 46 377 3 1 2 3
22 34 409 0 
11 30 250 0 
36 38 203 3 1 2 3
4 46 95 2 1 2
34 47 405 2 1 2
33 45 260 3 1 2 3
18 45 288 0 
11 52 253 2 1 3
41 49 39 0 
19 47 301 0 
7 50 410 0 
26 42 487 1 1
6 45 177 3 1 2 3
30 44 413 2 1 3
31 46 459 1 2
28 44 220 3 1 2 3
17 42 352 1 3
35 43 194 1 1
36 48 233 0 
27 33 291 0 
12 34 4 2 1 3
31 41 65 1 1
26 27 60 1 2
32 41 489 0 
4 42 136 2 2 3
15 16 205 2 2 3
44 45 225 3 1 2 3
29 32 335 0 
33 46 413 0 
8 24 452 0 
35 49 225 2 1 2
34 38 54 3 1 2 3
27 32 41 3 1 2 3
13 24 356 3 1 2 3
18 23 132 3 1 2 3
32 49 34 2 2 3
18 32 273 1 1
1 52 368 3 1 2 3
5 50 463 3 1 2 3
24 49 123 2 2 3
25 43 172 2 2 3
21 37 334 0 
5 35 151 1 3
15 38 251 0 
14 17 121 0 
23 27 264 2 1 2
32 44 253 0 
31 51 372 1 3
18 50 455 0 
33 34 316 0 
22 41 330 1 2
23 42 231 2 1 2
1 30 226 1 3
21 47 494 2 2 3
12 48 263 1 2
19 37 350 3 1 2 3
39 51 337 2 1 2
24 44 421 2 1 3
34 44 232 1 1
7 52 237 2 1 2
8 45 124 0 
3 8 11 0 
29 37 200 2 1 3
30 51 368 1 3
10 27 51 3 1 2 3
21 31 309 0 
42 49 239 0 
38 46 452 3 1 2 3
21 36 323 2 1 3
14 26 292 2 1 3
26 38 82 1 2
4 13 56 0 
26 30 486 0 
17 51 158 3 1 2 3
40 43 306 3 1 2 3
14 35 302 0 
9 13 369 1 1
35 44 129 2 1 2
22 43 110 1 3
11 47 397 0 
17 37 122 2 2 3
20 26 193 0 
33 42 97 1 1
12 22 247 1 1
42 44 379 2 2 3
1 2 70 2 1 2
13 44 354 1 3
9 26 462 0 
30 35 67 2 2 3
13 17 446 2 2 3
32 48 489 3 1 2 3
23 40 179 3 1 2 3
13 20 485 1 1
17 39 29 3 1 2 3
11 24 285 3 1 2 3
3 20 89 1 1
19 27 40 1 1
19 30 406 2 2 3
3 35 108 3 1 2 3
17 50 75 0 
1 33 109 1 1
8 51 292 1 2
16 48 231 0 
26 33 108 1 3
2 26 481 0 
15 47 7 2 2 3
39 46 70 3 1 2 3
13 26 325 2 1 2
15 23 10 2 1 3
10 35 89 1 3
38 50 139 1 2
22 31 323 2 2 3
20 45 21 1 1
8 32 447 2 1 2
1 35 15 3 1 2 3
23 41 23 1 3
7 43 169 3 1 2 3
28 30 6 1 1
36 46 383 1 3
22 37 475 3 1 2 3
32 40 70 3 1 2 3
1 37 153 3 1 2 3
38 49 393 3 1 2 3
10 50 298 1 1
35 45 103 2 2 3
29 45 496 3 1 2 3
25 42 135 1 2
16 30 236 0 
13 47 82 3 1 2 3
11 44 421 2 1 2
16 40 177 0 
42 48 454 1 1
43 52 154 2 1 3
12 29 323 0 
7 40 160 2 2 3
12 30 172 0 
18 42 338 1 1
32 52 258 2 1 3
3 52 252 3 1 2 3
25 33 350 2 1 2
37 41 24 2 2 3
20 25 295 1 3
27 28 41 0 
18 49 61 2 2 3
24 29 498 3 1 2 3
4 40 467 1 3
20 31 237 2 2 3
34 41 336 0 
4 6 298 0 
26 51 17 2 1 3
3 44 292 2 2 3
12 23 66 1 3
12 46 295 1 3
29 40 51 1 1
26 29 207 0 
10 29 18 0 
18 36 194 3 1 2 3
1 5 439 2 1 2
37 43 64 3 1 2 3
31 33 488 2 1 3
25 52 408 3 1 2 3
6 26 101 0 
17 24 265 3 1 2 3
19 22 150 3 1 2 3
41 48 406 0 
25 32 493 0 
18 33 10 1 2
13 46 322 1 2
18 19 413 2 2 3
7 24 113 3 1 2 3
24 30 300 3 1 2 3
7 17 428 3 1 2 3
19 50 7 3 1 2 3
27 36 170 1 3
35 37 329 0 
24 52 429 2 1 3
21 39 252 1 2
12 16 467 1 3
6 48 478 0 
12 41 120 1 1
16 29 262 0 
6 52 223 0 
28 40 458 0 
13 37 260 2 1 3
7 12 37 0 
16 26 293 0 
34 50 181 3 1 2 3
31 36 178 0 
18 39 411 2 1 2
13 34 493 0 
41 50 275 0 
10 42 65 2 2 3
2 11 71 3 1 2 3
13 22 454 0 
5 16 277 0 
18 31 184 3 1 2 3
23 50 479 2 1 2
15 33 382 3 1 2 3
15 30 167 0 
36 44 2 0 
13 45 291 3 1 2 3
33 36 55 2 2 3